Run with 2 nodes and 8 cores
('start_time:', 1523534265.732209)
posts per grid: ------------------------------ 
'C2: 175969 posts'
'B2: 22797 posts'
'C3: 18293 posts'
'B3: 6420 posts'
'C4: 4234 posts'
'B1: 3311 posts'
'C5: 2638 posts'
'D3: 2467 posts'
'D4: 1923 posts'
'C1: 1595 posts'
'B4: 1069 posts'
'D5: 783 posts'
'A3: 497 posts'
'A2: 479 posts'
'A1: 262 posts'
'A4: 133 posts'
posts per row: ------------------------------ 
'C_Row: 202729 posts'
'B_Row: 33597 posts'
'D_Row: 5173 posts'
'A_Row: 1371 posts'
posts per column: ------------------------------ 
'column_2: 199245 posts'
'column_3: 27677 posts'
'column_4: 7359 posts'
'column_1: 5168 posts'
'column_5: 3421 posts'
('endtime:', 1523534419.811483)

Total time used for execution is 02 minutes and 34 seconds

real	2m34.966s
user	6m19.100s
sys	3m58.146s
